0 5
1 5
2 4
3 4
4 4
5 4
6 4
7 3
8 3
9 2
10 3
11 3
12 5
13 5
14 5
15 5
16 4
17 4
18 3
19 2
20 3
21 3
22 4
23 4
24 5
25 5
26 5
27 4
28 3
29 3
30 4
31 3
32 3
33 4
34 4
35 3
36 5
37 5
38 4
39 3
40 4
41 4
42 3
43 3
44 4
45 4
46 4
47 3
48 5
49 4
50 5
51 4
52 3
53 3
54 3
55 4
56 4
57 4
58 3
59 3
60 6
61 5
62 4
63 4
64 3
65 3
66 4
67 4
68 4
69 3
70 5
71 4
72 5
73 4
74 4
75 4
76 3
77 4
78 4
79 3
80 5
81 5
82 4
83 3
84 5
85 5
86 4
87 4
88 4
89 4
90 5
91 4
92 4
93 4
94 4
95 4
96 5
97 4
98 4
99 4
100 5
101 5
102 4
103 4
104 4
105 4
106 4
107 3
108 5
109 4
110 6
111 5
112 4
113 4
114 4
115 4
116 4
117 4
118 4
119 3
120 6
121 6
122 5
123 5
124 4
125 4
126 4
127 4
128 4
129 4
130 5
131 4
132 6
133 5
134 5
135 5
136 4
137 4
138 4
139 4
140 5
141 4
142 4
143 4
144 6
145 6
146 5
147 5
148 5
149 4
150 6
151 5
152 4
153 3
154 4
155 4
156 6
157 5
158 5
159 5
160 6
161 5
162 5
163 4
164 3
165 4
166 4
167 4
168 6
169 6
170 7
171 6
172 5
173 4
174 4
175 3
176 4
177 4
178 4
179 4
180 8
181 7
182 6
183 5
184 4
185 4
186 3
187 4
188 4
189 4
190 6
191 6
192 7
193 6
194 5
195 5
196 5
197 4
198 4
199 4
200 6
201 5
202 5
203 5
204 6
205 6
206 6
207 5
208 4
209 4
210 6
211 6
212 5
213 5
214 5
215 5
216 7
217 6
218 5
219 4
220 7
221 6
222 5
223 5
224 4
225 4
226 4
227 4
228 6
229 6
230 7
231 7
232 6
233 5
234 5
235 4
236 4
237 4
238 4
239 4
240 8
241 7
242 7
243 6
244 5
245 5
246 4
247 4
248 4
249 4
250 6
251 6
252 7
253 7
254 6
255 6
256 6
257 5
258 4
259 4
260 6
261 6
262 5
263 5
264 7
265 7
266 7
267 6
268 5
269 4
270 6
271 6
272 6
273 5
274 4
275 5
276 7
277 7
278 6
279 6
280 8
281 7
282 6
283 6
284 5
285 4
286 4
287 4
288 6
289 6
290 8
291 8
292 7
293 6
294 6
295 5
296 4
297 5
298 5
299 4
300 8
301 8
302 8
303 7
304 6
305 6
306 5
307 5
308 6
309 5
310 6
311 6
312 8
313 7
314 7
315 7
316 7
317 6
318 5
319 5
320 7
321 6
322 6
323 5
324 7
325 7
326 7
327 7
328 6
329 5
330 7
331 7
332 6
333 6
334 5
335 5
336 7
337 7
338 7
339 6
340 8
341 8
342 7
343 7
344 6
345 5
346 4
347 4
348 6
349 6
350 8
351 8
352 8
353 7
354 7
355 6
356 5
357 5
358 5
359 4
360 8
361 8
362 8
363 8
364 7
365 7
366 6
367 6
368 6
369 5
370 6
371 6
372 8
373 8
374 8
375 8
376 8
377 7
378 6
379 5
380 7
381 6
382 6
383 6
384 7
385 8
386 8
387 8
388 7
389 6
390 7
391 7
392 6
393 6
394 6
395 5
396 8
397 8
398 8
399 7
400 8
401 8
402 7
403 7
404 7
405 6
406 5
407 6
408 8
409 7
410 8
411 8
412 8
413 8
414 7
415 6
416 6
417 6
418 7
419 6
420 9
421 8
422 8
423 8
424 7
425 7
426 7
427 6
428 6
429 7
430 8
431 7
432 8
433 8
434 8
435 7
436 7
437 7
438 7
439 6
440 9
441 8
442 7
443 6
444 8
445 7
446 7
447 7
448 7
449 7
450 8
451 8
452 8
453 7
454 7
455 6
456 7
457 7
458 7
459 7
460 9
461 8
462 8
463 8
464 8
465 7
466 6
467 5
468 7
469 7
470 9
471 9
472 8
473 9
474 8
475 8
476 7
477 6
478 6
479 6
480 9
481 8
482 8
483 8
484 9
485 8
486 8
487 7
488 7
489 7
490 8
491 7
492 8
493 8
494 8
495 9
496 8
497 8
498 8
499 7
500 9
501 8
502 7
503 6
504 8
505 8
506 8
507 8
508 8
509 8
510 9
511 8
512 8
513 7
514 7
515 6
516 8
517 8
518 8
519 8
520 10
521 9
522 8
523 7
524 7
525 7
526 7
527 6
528 8
529 8
530 10
531 10
532 9
533 8
534 7
535 7
536 7
537 7
538 6
539 7
540 11
541 10
542 9
543 9
544 8
545 8
546 8
547 7
548 7
549 6
550 9
551 9
552 10
553 9
554 8
555 8
556 8
557 8
558 8
559 8
560 9
561 9
562 9
563 8
564 9
565 9
566 8
567 7
568 7
569 7
570 9
571 9
572 9
573 9
574 8
575 8
576 9
577 8
578 8
579 8
580 9
581 9
582 9
583 9
584 8
585 8
586 8
587 7
588 9
589 9
590 10
591 9
592 9
593 9
594 9
595 9
596 8
597 8
598 7
599 7
600 11
601 10
602 9
603 9
604 8
605 9
606 9
607 8
608 8
609 7
610 9
611 9
612 10
613 9
614 9
615 8
616 9
617 9
618 9
619 9
620 10
621 9
622 9
623 8
624 9
625 9
626 8
627 9
628 8
629 8
630 10
631 10
632 9
633 9
634 8
635 7
636 9
637 9
638 9
639 9
640 11
641 10
642 10
643 9
644 8
645 8
646 7
647 7
648 9
649 9
650 11
651 11
652 10
653 10
654 9
655 8
656 7
657 7
658 7
659 7
