0 5
1 4
2 4
3 4
4 3
5 2
6 2
7 2
8 2
9 2
10 3
11 4
12 5
13 4
14 4
15 3
16 2
17 2
18 2
19 2
20 4
21 4
22 4
23 4
24 5
25 4
26 3
27 2
28 2
29 2
30 4
31 4
32 3
33 4
34 4
35 3
36 4
37 3
38 2
39 2
40 4
41 4
42 3
43 3
44 4
45 4
46 3
47 3
48 4
49 3
50 5
51 5
52 4
53 4
54 3
55 4
56 4
57 3
58 3
59 2
60 6
61 5
62 5
63 4
64 3
65 3
66 3
67 3
68 2
69 2
70 4
71 4
72 5
73 4
74 4
75 3
76 3
77 3
78 3
79 2
80 4
81 4
82 3
83 3
84 5
85 4
86 4
87 3
88 4
89 4
90 5
91 5
92 4
93 4
94 3
95 3
96 4
97 3
98 3
99 4
100 6
101 5
102 5
103 4
104 4
105 4
106 3
107 2
108 4
109 3
110 5
111 5
112 5
113 4
114 3
115 3
116 3
117 3
118 2
119 2
120 6
121 6
122 6
123 6
124 5
125 4
126 3
127 2
128 2
129 2
130 4
131 4
132 6
133 5
134 5
135 4
136 3
137 3
138 3
139 3
140 4
141 4
142 3
143 4
144 6
145 5
146 4
147 4
148 4
149 4
150 6
151 6
152 5
153 4
154 4
155 4
156 5
157 4
158 4
159 4
160 6
161 6
162 5
163 5
164 4
165 4
166 4
167 3
168 5
169 4
170 5
171 5
172 4
173 4
174 4
175 4
176 4
177 4
178 3
179 3
180 7
181 6
182 6
183 5
184 5
185 4
186 4
187 4
188 4
189 3
190 5
191 5
192 6
193 5
194 5
195 5
196 5
197 5
198 5
199 5
200 6
201 6
202 5
203 4
204 5
205 4
206 4
207 4
208 4
209 4
210 6
211 5
212 5
213 4
214 4
215 4
216 6
217 5
218 4
219 3
220 6
221 6
222 6
223 5
224 4
225 4
226 4
227 4
228 5
229 4
230 6
231 7
232 6
233 6
234 5
235 5
236 5
237 4
238 4
239 3
240 7
241 6
242 7
243 6
244 6
245 5
246 4
247 4
248 4
249 3
250 4
251 4
252 5
253 5
254 5
255 4
256 4
257 4
258 4
259 3
260 5
261 5
262 4
263 4
264 7
265 6
266 6
267 5
268 5
269 5
270 6
271 6
272 5
273 5
274 5
275 5
276 7
277 6
278 5
279 5
280 6
281 6
282 5
283 5
284 4
285 4
286 5
287 5
288 6
289 5
290 6
291 6
292 5
293 5
294 5
295 5
296 5
297 5
298 5
299 4
300 7
301 6
302 6
303 5
304 5
305 5
306 5
307 5
308 6
309 6
310 7
311 7
312 8
313 7
314 7
315 6
316 6
317 5
318 4
319 5
320 7
321 6
322 6
323 5
324 6
325 5
326 5
327 5
328 5
329 5
330 7
331 7
332 7
333 6
334 5
335 5
336 7
337 6
338 6
339 5
340 7
341 8
342 7
343 7
344 6
345 5
346 5
347 5
348 7
349 6
350 7
351 7
352 7
353 7
354 6
355 5
356 5
357 4
358 4
359 4
360 8
361 7
362 7
363 7
364 7
365 6
366 6
367 5
368 4
369 4
370 5
371 5
372 6
373 5
374 6
375 6
376 5
377 4
378 4
379 4
380 6
381 6
382 5
383 4
384 6
385 6
386 6
387 5
388 5
389 5
390 7
391 7
392 6
393 5
394 5
395 5
396 8
397 7
398 7
399 6
400 8
401 8
402 7
403 6
404 6
405 6
406 6
407 6
408 8
409 7
410 8
411 8
412 7
413 7
414 6
415 6
416 6
417 5
418 6
419 6
420 9
421 8
422 8
423 7
424 6
425 6
426 5
427 5
428 5
429 6
430 8
431 7
432 9
433 8
434 7
435 7
436 7
437 7
438 6
439 5
440 8
441 8
442 8
443 7
444 8
445 7
446 6
447 6
448 6
449 6
450 8
451 9
452 8
453 8
454 7
455 6
456 7
457 6
458 6
459 6
460 8
461 8
462 8
463 8
464 7
465 7
466 7
467 6
468 8
469 7
470 8
471 8
472 7
473 8
474 8
475 7
476 7
477 7
478 7
479 6
480 10
481 9
482 9
483 8
484 9
485 9
486 8
487 8
488 8
489 7
490 8
491 8
492 9
493 8
494 7
495 8
496 8
497 7
498 7
499 7
500 9
501 9
502 8
503 7
504 9
505 8
506 9
507 9
508 8
509 8
510 10
511 10
512 9
513 9
514 8
515 7
516 8
517 8
518 8
519 7
520 9
521 9
522 8
523 7
524 7
525 6
526 6
527 5
528 8
529 7
530 9
531 8
532 8
533 7
534 7
535 7
536 6
537 6
538 5
539 6
540 10
541 9
542 8
543 8
544 7
545 6
546 6
547 6
548 6
549 6
550 8
551 8
552 10
553 9
554 8
555 7
556 7
557 7
558 7
559 7
560 8
561 9
562 8
563 8
564 9
565 8
566 8
567 7
568 6
569 6
570 7
571 7
572 7
573 7
574 6
575 6
576 8
577 7
578 7
579 7
580 9
581 9
582 8
583 9
584 9
585 8
586 8
587 7
588 9
589 8
590 9
591 9
592 8
593 7
594 8
595 8
596 7
597 7
598 7
599 7
600 10
601 9
602 9
603 8
604 8
605 8
606 8
607 7
608 7
609 6
610 7
611 7
612 8
613 7
614 7
615 7
616 8
617 8
618 7
619 7
620 8
621 8
622 7
623 7
624 9
625 8
626 7
627 8
628 8
629 7
630 8
631 8
632 7
633 7
634 6
635 6
636 8
637 7
638 8
639 8
640 9
641 9
642 8
643 7
644 7
645 7
646 7
647 7
648 9
649 9
650 11
651 10
652 10
653 9
654 9
655 9
656 9
657 8
658 8
659 7
