0 5
1 5
2 4
3 3
4 3
5 3
6 3
7 2
8 1
9 1
10 3
11 4
12 6
13 5
14 4
15 4
16 4
17 3
18 2
19 2
20 4
21 4
22 4
23 4
24 5
25 4
26 4
27 4
28 3
29 3
30 5
31 5
32 4
33 5
34 5
35 4
36 6
37 5
38 5
39 5
40 6
41 6
42 5
43 5
44 6
45 6
46 5
47 4
48 5
49 4
50 6
51 6
52 5
53 5
54 5
55 6
56 6
57 5
58 4
59 3
60 6
61 5
62 5
63 5
64 5
65 4
66 4
67 4
68 3
69 3
70 5
71 5
72 6
73 5
74 5
75 5
76 4
77 5
78 5
79 4
80 6
81 6
82 5
83 5
84 7
85 6
86 6
87 6
88 6
89 6
90 7
91 7
92 6
93 6
94 6
95 5
96 6
97 5
98 5
99 6
100 8
101 7
102 7
103 6
104 6
105 6
106 5
107 4
108 5
109 4
110 7
111 7
112 6
113 6
114 5
115 5
116 5
117 5
118 4
119 3
120 6
121 6
122 6
123 5
124 5
125 5
126 5
127 4
128 3
129 3
130 5
131 5
132 7
133 7
134 6
135 5
136 5
137 5
138 4
139 4
140 6
141 6
142 5
143 6
144 8
145 7
146 6
147 6
148 6
149 5
150 7
151 7
152 6
153 6
154 7
155 7
156 8
157 7
158 7
159 7
160 8
161 8
162 7
163 7
164 7
165 7
166 7
167 6
168 7
169 6
170 8
171 8
172 7
173 7
174 7
175 6
176 7
177 7
178 6
179 5
180 8
181 7
182 7
183 7
184 6
185 6
186 5
187 6
188 6
189 5
190 7
191 7
192 8
193 7
194 7
195 7
196 6
197 6
198 7
199 7
200 8
201 8
202 7
203 7
204 9
205 8
206 8
207 8
208 7
209 7
210 9
211 8
212 8
213 7
214 7
215 7
216 8
217 7
218 7
219 7
220 9
221 9
222 8
223 8
224 7
225 7
226 7
227 6
228 7
229 6
230 8
231 9
232 9
233 8
234 7
235 7
236 7
237 6
238 6
239 5
240 8
241 7
242 8
243 8
244 7
245 7
246 6
247 6
248 5
249 5
250 7
251 7
252 8
253 8
254 8
255 7
256 7
257 7
258 6
259 6
260 8
261 8
262 7
263 7
264 10
265 10
266 9
267 8
268 8
269 8
270 9
271 9
272 8
273 8
274 8
275 8
276 10
277 9
278 8
279 8
280 10
281 10
282 9
283 9
284 9
285 8
286 8
287 8
288 9
289 8
290 10
291 10
292 9
293 9
294 9
295 8
296 8
297 8
298 8
299 7
300 10
301 9
302 9
303 9
304 9
305 8
306 7
307 7
308 8
309 8
310 9
311 9
312 10
313 9
314 9
315 9
316 8
317 8
318 8
319 8
320 10
321 9
322 9
323 8
324 10
325 9
326 9
327 9
328 8
329 8
330 10
331 10
332 9
333 9
334 8
335 8
336 10
337 9
338 9
339 9
340 10
341 11
342 11
343 10
344 9
345 9
346 9
347 8
348 9
349 8
350 10
351 10
352 10
353 10
354 9
355 9
356 9
357 8
358 8
359 7
360 10
361 9
362 9
363 10
364 10
365 9
366 9
367 8
368 7
369 7
370 9
371 9
372 10
373 9
374 10
375 10
376 9
377 9
378 8
379 8
380 10
381 10
382 9
383 9
384 11
385 11
386 11
387 10
388 10
389 10
390 11
391 11
392 10
393 10
394 10
395 9
396 11
397 11
398 10
399 9
400 11
401 11
402 10
403 10
404 10
405 9
406 9
407 9
408 11
409 10
410 11
411 11
412 10
413 10
414 10
415 10
416 10
417 9
418 9
419 9
420 12
421 11
422 11
423 11
424 11
425 10
426 9
427 9
428 9
429 9
430 11
431 10
432 12
433 11
434 11
435 11
436 10
437 9
438 9
439 9
440 11
441 11
442 10
443 10
444 11
445 10
446 10
447 10
448 9
449 9
450 11
451 12
452 12
453 11
454 10
455 10
456 12
457 11
458 11
459 11
460 12
461 12
462 12
463 12
464 11
465 11
466 11
467 10
468 11
469 10
470 12
471 12
472 11
473 12
474 12
475 11
476 11
477 11
478 10
479 9
480 12
481 11
482 11
483 11
484 12
485 12
486 11
487 10
488 9
489 9
490 11
491 11
492 12
493 11
494 11
495 12
496 12
497 11
498 10
499 10
500 12
501 12
502 11
503 11
504 13
505 12
506 13
507 13
508 12
509 12
510 13
511 13
512 12
513 12
514 12
515 11
516 12
517 12
518 12
519 11
520 13
521 13
522 12
523 12
524 12
525 11
526 11
527 10
528 12
529 12
530 13
531 13
532 12
533 11
534 11
535 11
536 11
537 11
538 10
539 10
540 14
541 13
542 12
543 12
544 12
545 12
546 11
547 10
548 10
549 10
550 12
551 12
552 13
553 12
554 12
555 12
556 11
557 11
558 10
559 10
560 12
561 13
562 13
563 12
564 13
565 12
566 12
567 12
568 11
569 11
570 13
571 13
572 13
573 13
574 12
575 12
576 14
577 13
578 13
579 13
580 14
581 14
582 13
583 14
584 14
585 13
586 13
587 12
588 13
589 12
590 14
591 14
592 13
593 13
594 14
595 14
596 13
597 12
598 12
599 11
600 14
601 13
602 13
603 13
604 13
605 13
606 13
607 12
608 11
609 11
610 13
611 13
612 14
613 13
614 13
615 13
616 13
617 13
618 12
619 12
620 14
621 14
622 13
623 13
624 15
625 14
626 14
627 15
628 15
629 14
630 15
631 15
632 14
633 14
634 14
635 13
636 14
637 13
638 14
639 14
640 15
641 15
642 14
643 14
644 14
645 13
646 13
647 12
648 13
649 13
650 15
651 14
652 14
653 13
654 13
655 13
656 13
657 13
658 12
659 11
