0 2
1 5
2 3
3 5
4 3
5 4
6 1
7 4
8 1
9 4
10 5
11 5
12 2
13 3
14 3
15 1
16 4
17 1
18 4
19 1
20 5
21 5
22 3
23 3
24 2
25 4
26 1
27 4
28 1
29 4
30 5
31 5
32 1
33 3
34 3
35 4
36 2
37 1
38 4
39 1
40 5
41 5
42 4
43 1
44 3
45 3
46 1
47 4
48 2
49 1
50 5
51 5
52 4
53 1
54 1
55 3
56 3
57 4
58 1
59 1
60 2
61 5
62 5
63 4
64 4
65 1
66 3
67 3
68 1
69 4
70 5
71 5
72 2
73 1
74 4
75 4
76 1
77 3
78 3
79 1
80 5
81 5
82 4
83 1
84 2
85 1
86 4
87 4
88 3
89 3
90 5
91 5
92 1
93 1
94 1
95 1
96 2
97 1
98 4
99 3
100 3
101 5
102 5
103 4
104 1
105 1
106 4
107 1
108 2
109 1
110 3
111 5
112 3
113 5
114 4
115 4
116 1
117 4
118 4
119 1
120 2
121 5
122 3
123 5
124 3
125 4
126 1
127 4
128 1
129 4
130 5
131 5
132 2
133 3
134 3
135 4
136 1
137 4
138 1
139 1
140 5
141 5
142 4
143 3
144 2
145 3
146 1
147 4
148 1
149 1
150 5
151 5
152 1
153 4
154 3
155 3
156 2
157 4
158 1
159 4
160 5
161 5
162 4
163 1
164 4
165 3
166 3
167 1
168 2
169 4
170 5
171 5
172 1
173 4
174 1
175 1
176 3
177 3
178 4
179 1
180 2
181 5
182 5
183 1
184 1
185 4
186 4
187 3
188 3
189 1
190 5
191 5
192 2
193 4
194 1
195 4
196 1
197 4
198 3
199 3
200 5
201 5
202 1
203 1
204 2
205 1
206 1
207 4
208 1
209 3
210 3
211 5
212 5
213 1
214 1
215 4
216 2
217 1
218 4
219 4
220 3
221 5
222 3
223 5
224 1
225 1
226 4
227 1
228 2
229 1
230 5
231 5
232 3
233 3
234 4
235 4
236 4
237 1
238 4
239 4
240 2
241 5
242 5
243 3
244 3
245 4
246 1
247 4
248 1
249 1
250 5
251 5
252 2
253 3
254 3
255 4
256 1
257 4
258 4
259 1
260 5
261 5
262 4
263 1
264 2
265 3
266 3
267 1
268 4
269 1
270 5
271 5
272 4
273 1
274 4
275 3
276 2
277 3
278 1
279 4
280 5
281 5
282 1
283 1
284 4
285 1
286 3
287 3
288 2
289 1
290 5
291 5
292 4
293 1
294 1
295 1
296 4
297 3
298 3
299 1
300 2
301 5
302 5
303 1
304 4
305 4
306 1
307 1
308 3
309 3
310 5
311 5
312 2
313 4
314 1
315 4
316 1
317 4
318 1
319 3
320 3
321 5
322 5
323 1
324 2
325 4
326 1
327 4
328 1
329 4
330 3
331 5
332 3
333 5
334 4
335 1
336 2
337 1
338 4
339 4
340 5
341 5
342 3
343 3
344 1
345 4
346 1
347 1
348 2
349 4
350 5
351 5
352 3
353 3
354 1
355 4
356 1
357 1
358 1
359 4
360 2
361 5
362 5
363 3
364 3
365 1
366 1
367 4
368 4
369 1
370 5
371 5
372 2
373 1
374 3
375 3
376 4
377 4
378 1
379 1
380 5
381 5
382 1
383 4
384 2
385 3
386 3
387 4
388 1
389 4
390 5
391 5
392 1
393 4
394 1
395 1
396 2
397 3
398 3
399 1
400 5
401 5
402 4
403 4
404 4
405 1
406 1
407 3
408 2
409 3
410 5
411 5
412 1
413 4
414 4
415 1
416 1
417 4
418 3
419 3
420 2
421 5
422 5
423 4
424 4
425 4
426 1
427 1
428 4
429 3
430 3
431 5
432 2
433 5
434 1
435 1
436 4
437 1
438 1
439 1
440 3
441 5
442 3
443 5
444 2
445 4
446 1
447 4
448 4
449 1
450 5
451 5
452 3
453 3
454 1
455 4
456 2
457 1
458 1
459 4
460 5
461 5
462 3
463 3
464 4
465 1
466 1
467 1
468 2
469 1
470 5
471 5
472 4
473 3
474 3
475 4
476 4
477 1
478 4
479 4
480 2
481 5
482 5
483 1
484 3
485 3
486 1
487 4
488 1
489 1
490 5
491 5
492 2
493 1
494 4
495 3
496 3
497 1
498 4
499 1
500 5
501 5
502 4
503 1
504 2
505 4
506 3
507 3
508 1
509 1
510 5
511 5
512 4
513 1
514 4
515 4
516 2
517 3
518 3
519 4
520 5
521 5
522 1
523 4
524 4
525 1
526 4
527 4
528 2
529 3
530 3
531 5
532 5
533 1
534 1
535 4
536 1
537 1
538 1
539 3
540 2
541 3
542 5
543 5
544 4
545 1
546 4
547 1
548 4
549 1
550 3
551 5
552 2
553 3
554 5
555 4
556 4
557 1
558 1
559 4
560 5
561 5
562 3
563 3
564 2
565 4
566 1
567 1
568 4
569 4
570 5
571 5
572 3
573 3
574 1
575 1
576 2
577 1
578 1
579 4
580 5
581 5
582 4
583 3
584 3
585 1
586 1
587 1
588 2
589 4
590 5
591 5
592 1
593 4
594 3
595 3
596 4
597 1
598 1
599 4
600 2
601 5
602 5
603 1
604 1
605 3
606 3
607 4
608 1
609 1
610 5
611 5
612 2
613 4
614 1
615 4
616 3
617 3
618 4
619 4
620 5
621 5
622 1
623 4
624 2
625 4
626 1
627 3
628 3
629 1
630 5
631 5
632 4
633 4
634 1
635 1
636 2
637 1
638 3
639 3
640 5
641 5
642 1
643 4
644 1
645 1
646 1
647 4
648 2
649 3
650 3
651 5
652 5
653 1
654 4
655 1
656 1
657 4
658 1
659 4
