0 1
1 2
2 3
3 4
4 5
5 1
6 3
7 4
8 5
9 1
10 4
11 1
12 5
13 3
14 1
15 2
16 4
17 5
18 3
19 1
20 4
21 1
22 5
23 4
24 1
25 3
26 5
27 2
28 4
29 1
30 3
31 4
32 1
33 5
34 4
35 1
36 3
37 5
38 1
39 2
40 4
41 3
42 1
43 5
44 4
45 1
46 5
47 3
48 4
49 1
50 3
51 2
52 4
53 1
54 5
55 4
56 1
57 5
58 3
59 4
60 1
61 3
62 1
63 2
64 4
65 5
66 1
67 4
68 5
69 3
70 1
71 4
72 3
73 1
74 5
75 2
76 4
77 1
78 5
79 4
80 3
81 1
82 4
83 1
84 5
85 3
86 1
87 2
88 4
89 5
90 1
91 3
92 4
93 1
94 5
95 3
96 4
97 1
98 5
99 2
100 4
101 1
102 3
103 1
104 5
105 4
106 3
107 1
108 5
109 4
110 1
111 2
112 4
113 1
114 3
115 5
116 4
117 1
118 3
119 5
120 4
121 1
122 1
123 2
124 4
125 5
126 3
127 1
128 4
129 5
130 3
131 1
132 4
133 1
134 5
135 2
136 3
137 4
138 1
139 5
140 3
141 4
142 1
143 1
144 5
145 4
146 3
147 1
148 2
149 4
150 5
151 3
152 1
153 4
154 1
155 5
156 4
157 3
158 1
159 5
160 2
161 4
162 3
163 1
164 1
165 5
166 4
167 1
168 3
169 5
170 4
171 1
172 2
173 4
174 3
175 1
176 5
177 4
178 1
179 3
180 5
181 4
182 1
183 3
184 1
185 2
186 4
187 5
188 1
189 4
190 3
191 5
192 1
193 4
194 1
195 5
196 3
197 2
198 4
199 1
200 5
201 3
202 4
203 1
204 1
205 5
206 3
207 4
208 2
209 4
210 1
211 5
212 3
213 4
214 1
215 5
216 1
217 3
218 4
219 1
220 5
221 2
222 4
223 1
224 1
225 3
226 5
227 4
228 1
229 3
230 5
231 4
232 2
233 4
234 1
235 1
236 5
237 3
238 4
239 1
240 5
241 3
242 4
243 1
244 1
245 2
246 4
247 5
248 3
249 1
250 4
251 5
252 3
253 1
254 1
255 5
256 4
257 2
258 4
259 3
260 1
261 5
262 4
263 3
264 1
265 5
266 1
267 4
268 2
269 3
270 4
271 1
272 5
273 3
274 1
275 5
276 4
277 1
278 1
279 3
280 5
281 2
282 4
283 4
284 1
285 3
286 1
287 5
288 4
289 3
290 1
291 5
292 2
293 4
294 4
295 3
296 1
297 5
298 1
299 4
300 1
301 3
302 5
303 4
304 1
305 2
306 4
307 5
308 1
309 3
310 1
311 4
312 5
313 3
314 1
315 5
316 1
317 4
318 2
319 4
320 3
321 1
322 5
323 3
324 4
325 1
326 5
327 1
328 3
329 2
330 4
331 4
332 1
333 5
334 1
335 3
336 5
337 4
338 1
339 1
340 3
341 2
342 4
343 5
344 4
345 1
346 1
347 5
348 3
349 4
350 1
351 5
352 2
353 4
354 3
355 4
356 1
357 5
358 1
359 3
360 4
361 1
362 5
363 3
364 1
365 2
366 4
367 5
368 4
369 1
370 3
371 1
372 4
373 5
374 1
375 5
376 3
377 1
378 2
379 4
380 4
381 3
382 1
383 5
384 4
385 1
386 5
387 3
388 1
389 2
390 4
391 4
392 3
393 1
394 5
395 1
396 5
397 4
398 3
399 1
400 1
401 2
402 3
403 4
404 5
405 4
406 1
407 5
408 1
409 3
410 4
411 1
412 3
413 5
414 2
415 4
416 1
417 5
418 4
419 1
420 3
421 4
422 1
423 5
424 3
425 1
426 2
427 4
428 5
429 4
430 1
431 3
432 1
433 4
434 5
435 3
436 1
437 5
438 2
439 4
440 1
441 4
442 3
443 1
444 5
445 4
446 1
447 3
448 5
449 1
450 2
451 4
452 4
453 1
454 3
455 5
456 1
457 5
458 3
459 4
460 1
461 2
462 4
463 1
464 5
465 3
466 4
467 1
468 5
469 3
470 4
471 1
472 1
473 2
474 4
475 5
476 3
477 1
478 5
479 4
480 1
481 3
482 4
483 1
484 5
485 1
486 2
487 4
488 5
489 3
490 4
491 1
492 3
493 1
494 4
495 5
496 1
497 5
498 2
499 4
500 3
501 1
502 4
503 3
504 1
505 5
506 4
507 1
508 5
509 3
510 2
511 4
512 1
513 3
514 4
515 1
516 5
517 1
518 5
519 4
520 3
521 1
522 2
523 4
524 3
525 1
526 5
527 4
528 1
529 5
530 4
531 3
532 1
533 2
534 3
535 4
536 1
537 5
538 1
539 5
540 4
541 3
542 4
543 1
544 1
545 3
546 5
547 1
548 2
549 4
550 5
551 4
552 1
553 3
554 1
555 4
556 1
557 3
558 5
559 5
560 2
561 4
562 1
563 4
564 1
565 3
566 5
567 1
568 5
569 3
570 4
571 2
572 4
573 1
574 1
575 5
576 3
577 1
578 5
579 4
580 3
581 4
582 1
583 2
584 4
585 1
586 5
587 1
588 5
589 3
590 4
591 3
592 4
593 1
594 1
595 2
596 4
597 5
598 1
599 5
600 3
601 4
602 3
603 1
604 4
605 1
606 5
607 1
608 2
609 4
610 5
611 3
612 4
613 3
614 1
615 1
616 4
617 1
618 5
619 5
620 2
621 4
622 3
623 1
624 3
625 4
626 1
627 5
628 1
629 5
630 4
631 2
632 4
633 3
634 1
635 3
636 1
637 5
638 1
639 5
640 4
641 4
642 3
643 2
644 4
645 1
646 3
647 1
648 5
649 1
650 5
651 4
652 4
653 3
654 1
655 2
656 4
657 3
658 1
659 1
