0 3
1 3
2 2
3 4
4 5
5 4
6 5
7 4
8 1
9 1
10 5
11 3
12 3
13 2
14 4
15 4
16 4
17 5
18 1
19 1
20 5
21 5
22 3
23 3
24 2
25 4
26 4
27 4
28 1
29 1
30 5
31 5
32 1
33 3
34 3
35 1
36 2
37 4
38 4
39 4
40 5
41 5
42 1
43 1
44 3
45 3
46 1
47 1
48 2
49 4
50 5
51 5
52 1
53 4
54 1
55 3
56 3
57 1
58 4
59 1
60 2
61 4
62 5
63 4
64 5
65 4
66 3
67 3
68 1
69 1
70 5
71 5
72 2
73 4
74 4
75 4
76 1
77 3
78 3
79 1
80 5
81 5
82 1
83 1
84 2
85 4
86 4
87 4
88 3
89 3
90 5
91 5
92 1
93 1
94 1
95 1
96 2
97 4
98 4
99 3
100 3
101 5
102 5
103 1
104 1
105 1
106 4
107 1
108 2
109 4
110 3
111 3
112 5
113 5
114 1
115 4
116 1
117 4
118 1
119 1
120 2
121 3
122 3
123 4
124 5
125 4
126 5
127 4
128 1
129 1
130 5
131 5
132 3
133 3
134 2
135 4
136 4
137 4
138 1
139 1
140 5
141 5
142 1
143 3
144 3
145 2
146 4
147 4
148 4
149 1
150 5
151 5
152 1
153 1
154 3
155 3
156 2
157 4
158 4
159 4
160 5
161 5
162 1
163 1
164 1
165 3
166 3
167 1
168 2
169 4
170 5
171 5
172 4
173 1
174 4
175 1
176 3
177 3
178 1
179 1
180 2
181 5
182 4
183 5
184 4
185 4
186 1
187 3
188 3
189 1
190 5
191 5
192 2
193 4
194 4
195 4
196 1
197 1
198 3
199 3
200 5
201 5
202 1
203 1
204 2
205 4
206 4
207 4
208 1
209 3
210 3
211 5
212 5
213 1
214 1
215 1
216 2
217 4
218 4
219 4
220 3
221 3
222 5
223 5
224 1
225 1
226 1
227 1
228 2
229 4
230 5
231 3
232 3
233 5
234 4
235 1
236 4
237 1
238 1
239 1
240 2
241 5
242 3
243 3
244 4
245 5
246 4
247 4
248 1
249 1
250 5
251 5
252 2
253 3
254 3
255 4
256 4
257 4
258 1
259 1
260 5
261 5
262 1
263 1
264 3
265 3
266 2
267 4
268 4
269 4
270 5
271 5
272 1
273 1
274 1
275 3
276 3
277 2
278 4
279 4
280 5
281 5
282 1
283 1
284 1
285 4
286 3
287 3
288 2
289 4
290 5
291 5
292 4
293 1
294 4
295 1
296 1
297 3
298 3
299 1
300 2
301 4
302 5
303 4
304 5
305 4
306 1
307 1
308 3
309 3
310 5
311 5
312 2
313 4
314 4
315 4
316 1
317 1
318 1
319 3
320 3
321 5
322 5
323 1
324 2
325 4
326 4
327 4
328 1
329 1
330 3
331 3
332 5
333 5
334 1
335 1
336 2
337 4
338 4
339 4
340 5
341 3
342 3
343 5
344 1
345 1
346 1
347 1
348 2
349 4
350 5
351 5
352 3
353 3
354 4
355 1
356 4
357 1
358 1
359 1
360 2
361 4
362 5
363 3
364 3
365 4
366 5
367 4
368 1
369 1
370 5
371 5
372 2
373 4
374 3
375 3
376 4
377 4
378 1
379 1
380 5
381 5
382 1
383 1
384 2
385 3
386 3
387 4
388 4
389 4
390 5
391 5
392 1
393 1
394 1
395 1
396 3
397 3
398 2
399 4
400 5
401 5
402 1
403 1
404 1
405 4
406 4
407 3
408 3
409 2
410 5
411 5
412 4
413 1
414 4
415 1
416 4
417 1
418 3
419 3
420 2
421 4
422 5
423 4
424 5
425 4
426 1
427 1
428 1
429 3
430 3
431 5
432 2
433 4
434 4
435 4
436 5
437 1
438 1
439 1
440 3
441 3
442 5
443 5
444 2
445 4
446 4
447 4
448 1
449 1
450 5
451 3
452 3
453 5
454 1
455 1
456 2
457 4
458 4
459 4
460 5
461 5
462 3
463 3
464 1
465 1
466 1
467 1
468 2
469 4
470 5
471 5
472 1
473 3
474 3
475 1
476 4
477 1
478 4
479 1
480 2
481 4
482 5
483 4
484 3
485 3
486 4
487 5
488 1
489 1
490 5
491 5
492 2
493 4
494 4
495 3
496 3
497 4
498 1
499 1
500 5
501 5
502 1
503 1
504 2
505 4
506 3
507 3
508 4
509 4
510 5
511 5
512 1
513 1
514 1
515 1
516 2
517 3
518 3
519 4
520 5
521 5
522 1
523 1
524 1
525 4
526 4
527 1
528 3
529 3
530 5
531 5
532 2
533 4
534 1
535 4
536 1
537 4
538 1
539 3
540 3
541 2
542 4
543 5
544 4
545 5
546 4
547 1
548 1
549 1
550 3
551 3
552 2
553 4
554 4
555 4
556 5
557 5
558 1
559 1
560 5
561 3
562 3
563 5
564 2
565 4
566 4
567 4
568 1
569 1
570 5
571 5
572 3
573 3
574 1
575 1
576 2
577 4
578 4
579 4
580 5
581 5
582 1
583 3
584 3
585 1
586 1
587 1
588 2
589 4
590 5
591 5
592 4
593 1
594 3
595 3
596 4
597 1
598 1
599 1
600 2
601 4
602 5
603 4
604 5
605 3
606 3
607 4
608 1
609 1
610 5
611 5
612 2
613 4
614 4
615 4
616 3
617 3
618 1
619 1
620 5
621 5
622 1
623 1
624 2
625 4
626 4
627 3
628 3
629 4
630 5
631 5
632 1
633 1
634 1
635 1
636 2
637 4
638 3
639 3
640 5
641 5
642 1
643 1
644 1
645 4
646 4
647 1
648 2
649 3
650 3
651 5
652 5
653 4
654 1
655 4
656 1
657 4
658 1
659 1
